232
KAI5905415.1   0.000000 0.750484 0.892500 0.782506 0.889671 0.886214 0.880637 0.888889 0.895692 0.788423 0.886214 0.883772 0.888337 0.888337 0.888337 0.773455 0.764302 0.890351 0.788372 0.890110 0.892544 0.888337 0.880682 0.889610 0.885714 0.750923 0.750923 0.893390 0.734568 0.777083 0.754098 0.733681 0.770325 0.779167 0.898678 0.891247 0.880637 0.888889 0.888889 0.896476 0.888889 0.880637 0.898678 0.888594 0.899344 0.888889 0.894273 0.883289 0.888889 0.891122 0.713992 0.882775 0.896040 0.896040 0.895000 0.880682 0.885000 0.651724 0.651724 0.885000 0.884462 0.888224 0.741597 0.891156 0.898230 0.887615 0.890995 0.907025 0.896104 0.894000 0.884232 0.888224 0.888000 0.884462 0.892929 0.890661 0.883227 0.747212 0.883721 0.890000 0.741483 0.891753 0.883562 0.878713 0.891775 0.703786 0.778203 0.778203 0.705128 0.873239 0.894366 0.876310 0.883610 0.886000 0.716049 0.886010 0.887064 0.880503 0.896154 0.882353 0.890220 0.890756 0.890244 0.877049 0.880000 0.891122 0.891122 0.885638 0.718336 0.747191 0.891122 0.885000 0.714868 0.887500 0.748593 0.745794 0.884422 0.885000 0.716049 0.716049 0.718107 0.885000 0.891122 0.747191 0.714868 0.748593 0.887500 0.891122 0.718336 0.885638 0.891122 0.885000 0.884422 0.745794 0.890000 0.883721 0.747212 0.888361 0.877315 0.858268 0.863636 0.863636 0.863636 0.871212 0.866667 0.870229 0.863636 0.863636 0.846847 0.870229 0.871212 0.860656 0.872180 0.871212 0.863636 0.848485 0.878788 0.889140 0.891353 0.892202 0.895197 0.889140 0.738494 0.741483 0.891753 0.736952 0.758794 0.732510 0.877119 0.888158 0.725610 0.896484 0.893939 0.871429 0.885000 0.867257 0.729831 0.890819 0.761798 0.891775 0.732510 0.874735 0.896484 0.893939 0.883227 0.887776 0.894212 0.897030 0.891775 0.895000 0.888337 0.894397 0.877119 0.879668 0.895692 0.901826 0.885856 0.888337 0.874735 0.770325 0.893390 0.876485 0.729339 0.729831 0.885000 0.895879 0.755196 0.755196 0.741597 0.897500 0.788423 0.897485 0.767386 0.740586 0.895879 0.895692 0.888889 0.880637 0.719008 0.873199 0.779167 0.718427 0.738144 0.729339 0.737060 0.743590 0.719008 0.898778 0.740586 0.767386 0.755515 0.873199
GJP90915.1     0.750484 0.000000 0.875000 0.503546 0.899061 0.879650 0.877984 0.881481 0.895692 0.672655 0.879650 0.885965 0.895782 0.895782 0.895782 0.551487 0.551487 0.888158 0.597674 0.879121 0.885965 0.895782 0.892045 0.883117 0.881319 0.543520 0.543520 0.886994 0.547325 0.520833 0.534836 0.626632 0.713415 0.666667 0.896476 0.877984 0.877984 0.881481 0.874074 0.896476 0.881481 0.877984 0.896476 0.877984 0.890591 0.871605 0.896476 0.880637 0.874074 0.891683 0.504115 0.892344 0.886139 0.886139 0.885000 0.892045 0.885000 0.127586 0.127586 0.885000 0.878486 0.876248 0.504202 0.893424 0.902655 0.896789 0.895735 0.892562 0.889610 0.892000 0.880240 0.876248 0.888000 0.878486 0.872727 0.890661 0.904459 0.263056 0.899225 0.880000 0.464930 0.881443 0.888128 0.893564 0.889610 0.467706 0.702128 0.702128 0.405128 0.882629 0.889671 0.876310 0.874109 0.880000 0.504115 0.886010 0.880903 0.888889 0.895551 0.901176 0.894212 0.890756 0.895122 0.885246 0.905000 0.891683 0.891683 0.896277 0.247582 0.264990 0.895551 0.882500 0.517312 0.880000 0.263056 0.253385 0.897485 0.900000 0.504115 0.504115 0.506173 0.882500 0.895551 0.264990 0.517312 0.263056 0.880000 0.893617 0.247582 0.896277 0.891683 0.900000 0.897485 0.253385 0.880000 0.899225 0.263056 0.890736 0.888889 0.866142 0.863636 0.878788 0.871212 0.856061 0.850000 0.870229 0.871212 0.871212 0.855856 0.854962 0.856061 0.877049 0.872180 0.863636 0.848485 0.825758 0.818182 0.884615 0.891353 0.873853 0.875546 0.884615 0.466527 0.464930 0.881443 0.486430 0.522244 0.489712 0.885593 0.883772 0.453252 0.898438 0.896104 0.852381 0.887500 0.867257 0.264990 0.905707 0.523596 0.887446 0.489712 0.885350 0.898438 0.896104 0.904459 0.883768 0.882236 0.875248 0.889610 0.885000 0.895782 0.883621 0.885593 0.890041 0.888889 0.901826 0.888337 0.895782 0.885350 0.713415 0.886994 0.890736 0.514463 0.264990 0.887500 0.893709 0.501155 0.501155 0.504202 0.892500 0.672655 0.887814 0.628297 0.474895 0.893709 0.895692 0.881481 0.877984 0.520661 0.890490 0.666667 0.534161 0.531959 0.514463 0.532091 0.555126 0.520661 0.887814 0.474895 0.628297 0.054159 0.890490
GJP95986.1     0.892500 0.875000 0.000000 0.897500 0.902500 0.872500 0.891247 0.377500 0.892500 0.885000 0.872500 0.892500 0.902500 0.902500 0.902500 0.890000 0.882500 0.882500 0.895000 0.900000 0.887500 0.905000 0.894886 0.882500 0.887500 0.897500 0.897500 0.900000 0.895000 0.865000 0.885000 0.885117 0.892500 0.897500 0.890000 0.899204 0.891247 0.377500 0.377500 0.887500 0.377500 0.891247 0.890000 0.896552 0.897500 0.380000 0.890000 0.893899 0.377500 0.877500 0.895000 0.897500 0.365000 0.365000 0.312500 0.894886 0.060000 0.886207 0.886207 0.060000 0.890000 0.880000 0.890000 0.892500 0.895000 0.900000 0.897500 0.897500 0.895000 0.865000 0.877500 0.880000 0.872500 0.890000 0.890000 0.885000 0.890000 0.865000 0.219638 0.052500 0.892500 0.324742 0.897500 0.907500 0.890000 0.890000 0.877500 0.877500 0.894872 0.887500 0.897500 0.890000 0.902500 0.880000 0.892500 0.349741 0.905000 0.905000 0.890000 0.900000 0.895000 0.895000 0.900000 0.895000 0.317500 0.877500 0.877500 0.047872 0.872500 0.872500 0.875000 0.055000 0.885000 0.052500 0.882500 0.872500 0.872500 0.060000 0.892500 0.892500 0.892500 0.055000 0.875000 0.872500 0.885000 0.882500 0.052500 0.877500 0.872500 0.047872 0.877500 0.060000 0.872500 0.872500 0.052500 0.219638 0.865000 0.895000 0.892500 0.393701 0.363636 0.325758 0.340909 0.340909 0.358333 0.343511 0.325758 0.325758 0.333333 0.312977 0.310606 0.401639 0.398496 0.340909 0.356061 0.356061 0.363636 0.897500 0.895000 0.900000 0.892500 0.897500 0.892500 0.892500 0.324742 0.885000 0.880000 0.892500 0.890000 0.890000 0.905000 0.897500 0.900000 0.885714 0.062500 0.884956 0.875000 0.492500 0.887500 0.885000 0.892500 0.895000 0.897500 0.900000 0.890000 0.880000 0.875000 0.882500 0.890000 0.312500 0.905000 0.892500 0.890000 0.890000 0.897500 0.885000 0.902500 0.902500 0.895000 0.892500 0.900000 0.077500 0.897500 0.875000 0.062500 0.887500 0.887500 0.887500 0.890000 0.327500 0.885000 0.895000 0.895000 0.900000 0.887500 0.892500 0.377500 0.891247 0.900000 0.365994 0.897500 0.902500 0.895000 0.897500 0.895000 0.892500 0.900000 0.892500 0.900000 0.895000 0.892500 0.365994
GAM43544.1     0.782506 0.503546 0.897500 0.000000 0.891253 0.874704 0.893899 0.901235 0.895981 0.652482 0.874704 0.877069 0.895782 0.895782 0.895782 0.614657 0.605201 0.879433 0.647754 0.881797 0.877069 0.890819 0.892045 0.888889 0.888889 0.486998 0.486998 0.891253 0.579196 0.546099 0.567376 0.712794 0.777778 0.654846 0.886525 0.899204 0.893899 0.901235 0.903704 0.886525 0.901235 0.893899 0.886525 0.896552 0.893617 0.896296 0.886525 0.896552 0.903704 0.881797 0.444444 0.892344 0.891089 0.891089 0.890000 0.892045 0.887500 0.500000 0.500000 0.887500 0.881797 0.881797 0.489362 0.893617 0.895981 0.898345 0.905213 0.900709 0.888889 0.877069 0.891253 0.881797 0.884161 0.881797 0.874704 0.898345 0.895981 0.520095 0.896641 0.900000 0.439716 0.889175 0.898345 0.900990 0.886525 0.468085 0.789598 0.789598 0.458974 0.903073 0.891253 0.872340 0.888361 0.895981 0.444444 0.888601 0.891253 0.898345 0.895981 0.891253 0.898345 0.895981 0.895122 0.893617 0.887500 0.881797 0.881797 0.896277 0.517730 0.569740 0.874704 0.890000 0.503546 0.905000 0.527187 0.520095 0.879433 0.892500 0.444444 0.444444 0.446809 0.890000 0.874704 0.569740 0.503546 0.527187 0.905000 0.881797 0.517730 0.896277 0.881797 0.892500 0.879433 0.520095 0.900000 0.896641 0.520095 0.885986 0.900709 0.858268 0.886364 0.878788 0.871212 0.886364 0.858333 0.870229 0.878788 0.871212 0.864865 0.877863 0.871212 0.877049 0.857143 0.871212 0.848485 0.871212 0.886364 0.886525 0.891253 0.888889 0.884161 0.886525 0.420804 0.439716 0.889175 0.444444 0.442080 0.444444 0.888889 0.877069 0.451537 0.884161 0.886525 0.885714 0.905000 0.867257 0.522459 0.903226 0.609929 0.891253 0.444444 0.888889 0.884161 0.886525 0.895981 0.888889 0.884161 0.888889 0.886525 0.890000 0.890819 0.881797 0.888889 0.884161 0.898345 0.893617 0.895782 0.895782 0.888889 0.777778 0.891253 0.902613 0.543735 0.522459 0.905000 0.893617 0.539007 0.539007 0.489362 0.892500 0.652482 0.895981 0.714628 0.444444 0.893617 0.895981 0.901235 0.893899 0.543735 0.904899 0.654846 0.539007 0.546099 0.543735 0.543735 0.621749 0.543735 0.881797 0.444444 0.714628 0.517730 0.904899
GJC93706.1     0.889671 0.899061 0.902500 0.891253 0.000000 0.884977 0.888594 0.896296 0.873239 0.896714 0.884977 0.877934 0.057072 0.057072 0.057072 0.906103 0.894366 0.887324 0.889671 0.882629 0.880282 0.007444 0.090909 0.887324 0.880282 0.894366 0.894366 0.887324 0.887324 0.901408 0.887324 0.900783 0.882629 0.894366 0.838028 0.893899 0.888594 0.896296 0.896296 0.838028 0.896296 0.888594 0.838028 0.893899 0.861502 0.896296 0.838028 0.891247 0.896296 0.870892 0.894366 0.894737 0.891089 0.891089 0.895000 0.090909 0.905000 0.879310 0.879310 0.905000 0.882629 0.894366 0.887324 0.443662 0.814554 0.413146 0.817536 0.854460 0.291080 0.880282 0.896714 0.894366 0.887324 0.882629 0.896714 0.901408 0.877934 0.899061 0.899225 0.902500 0.892019 0.909794 0.178404 0.816832 0.887324 0.899061 0.896714 0.896714 0.900000 0.899061 0.899061 0.892019 0.893112 0.892019 0.894366 0.906736 0.894366 0.690141 0.816901 0.861176 0.800469 0.680751 0.865854 0.896714 0.892500 0.870892 0.870892 0.904255 0.892019 0.889671 0.880282 0.905000 0.889671 0.902500 0.894366 0.884977 0.882629 0.905000 0.894366 0.894366 0.884977 0.905000 0.880282 0.889671 0.889671 0.894366 0.902500 0.880282 0.892019 0.904255 0.870892 0.905000 0.882629 0.884977 0.902500 0.899225 0.899061 0.895487 0.892019 0.866142 0.856061 0.863636 0.871212 0.856061 0.875000 0.870229 0.863636 0.878788 0.855856 0.877863 0.848485 0.877049 0.864662 0.856061 0.825758 0.871212 0.863636 0.889671 0.300469 0.838028 0.887324 0.889671 0.899061 0.892019 0.909794 0.903756 0.880282 0.892019 0.906103 0.880282 0.882629 0.899061 0.894366 0.895238 0.902500 0.876106 0.889671 0.900744 0.903756 0.877934 0.892019 0.892019 0.899061 0.894366 0.877934 0.892019 0.894366 0.889671 0.887324 0.895000 0.007444 0.887324 0.906103 0.373239 0.427230 0.791080 0.054591 0.057072 0.892019 0.882629 0.887324 0.902613 0.892019 0.889671 0.902500 0.394366 0.899061 0.899061 0.887324 0.907500 0.896714 0.448357 0.896882 0.896714 0.394366 0.873239 0.896296 0.888594 0.887324 0.878963 0.894366 0.896714 0.896714 0.892019 0.896714 0.884977 0.887324 0.882629 0.896714 0.896882 0.899061 0.878963
XP_047786132.1 0.886214 0.879650 0.872500 0.874704 0.884977 0.000000 0.875332 0.886420 0.897959 0.877462 0.000000 0.125000 0.888337 0.888337 0.888337 0.881007 0.883295 0.140351 0.893023 0.129670 0.125000 0.875931 0.894886 0.306346 0.325275 0.888403 0.888403 0.345733 0.866521 0.884026 0.888403 0.895561 0.873085 0.890591 0.898678 0.870027 0.875332 0.886420 0.886420 0.905286 0.886420 0.875332 0.898678 0.872679 0.897155 0.881481 0.898678 0.872679 0.886420 0.387309 0.890591 0.428230 0.878713 0.878713 0.882500 0.894886 0.880000 0.886207 0.886207 0.880000 0.391685 0.398249 0.881838 0.897959 0.900442 0.887615 0.890995 0.897155 0.894967 0.415755 0.411379 0.398249 0.413567 0.391685 0.409190 0.421412 0.518600 0.894967 0.888889 0.882500 0.894967 0.891753 0.892694 0.893564 0.514223 0.895323 0.892779 0.892779 0.889744 0.424883 0.450704 0.422319 0.427553 0.483589 0.890591 0.891192 0.380744 0.905908 0.873085 0.896471 0.888403 0.899344 0.895122 0.380744 0.890000 0.387309 0.387309 0.882979 0.888403 0.881838 0.389497 0.882500 0.894967 0.882500 0.881838 0.894967 0.389497 0.885000 0.890591 0.890591 0.892779 0.882500 0.389497 0.881838 0.894967 0.881838 0.882500 0.391685 0.888403 0.882979 0.387309 0.885000 0.389497 0.894967 0.882500 0.888889 0.894967 0.439430 0.402778 0.866142 0.856061 0.856061 0.856061 0.856061 0.850000 0.847328 0.856061 0.878788 0.828829 0.862595 0.863636 0.827869 0.849624 0.871212 0.856061 0.848485 0.848485 0.328054 0.900222 0.894495 0.308534 0.328054 0.892779 0.894967 0.891753 0.894967 0.886214 0.886214 0.505470 0.122807 0.897155 0.509847 0.520788 0.876190 0.885000 0.876106 0.888403 0.883375 0.901124 0.308534 0.886214 0.411379 0.509847 0.520788 0.518600 0.391685 0.385120 0.435449 0.514223 0.882500 0.875931 0.525164 0.505470 0.888403 0.893424 0.892694 0.890819 0.888337 0.411379 0.873085 0.345733 0.878860 0.888403 0.888403 0.885000 0.897155 0.893764 0.893764 0.881838 0.882500 0.877462 0.897155 0.889688 0.894967 0.897155 0.897959 0.886420 0.875332 0.892779 0.887608 0.890591 0.881838 0.890591 0.888403 0.870897 0.870897 0.892779 0.890591 0.894967 0.889688 0.890591 0.887608
XP_045283923.1 0.880637 0.877984 0.891247 0.893899 0.888594 0.875332 0.000000 0.896552 0.893899 0.883289 0.867374 0.875332 0.893899 0.893899 0.893899 0.899204 0.901857 0.885942 0.891247 0.875332 0.872679 0.893899 0.894886 0.870027 0.875332 0.877984 0.877984 0.877984 0.872679 0.875332 0.877984 0.896552 0.862069 0.875332 0.893899 0.010610 0.000000 0.896552 0.896552 0.893899 0.896552 0.000000 0.893899 0.010610 0.893899 0.891247 0.888594 0.002653 0.896552 0.880637 0.877984 0.885942 0.893899 0.893899 0.883289 0.894886 0.893899 0.882759 0.882759 0.893899 0.870027 0.872679 0.880637 0.883289 0.885942 0.877984 0.891247 0.880637 0.885942 0.870027 0.870027 0.872679 0.859416 0.870027 0.885942 0.888594 0.880637 0.870027 0.901857 0.888594 0.885942 0.880637 0.888594 0.899204 0.885942 0.891247 0.875332 0.875332 0.899204 0.888594 0.888594 0.870027 0.880637 0.870027 0.875332 0.896552 0.893899 0.888594 0.885942 0.893899 0.870027 0.875332 0.891247 0.867374 0.899204 0.880637 0.880637 0.893617 0.862069 0.877984 0.880637 0.893899 0.880637 0.896552 0.877984 0.875332 0.877984 0.899204 0.875332 0.875332 0.875332 0.893899 0.880637 0.877984 0.880637 0.877984 0.896552 0.877984 0.862069 0.893617 0.880637 0.899204 0.877984 0.875332 0.888594 0.901857 0.870027 0.872679 0.888594 0.850394 0.848485 0.848485 0.848485 0.856061 0.858333 0.854962 0.840909 0.856061 0.837838 0.847328 0.848485 0.852459 0.849624 0.848485 0.840909 0.856061 0.856061 0.875332 0.896552 0.891247 0.880637 0.875332 0.891247 0.885942 0.880637 0.875332 0.877984 0.883289 0.859416 0.880637 0.877984 0.888594 0.877984 0.876190 0.896552 0.849558 0.870027 0.896552 0.872679 0.862069 0.883289 0.872679 0.888594 0.877984 0.880637 0.880637 0.877984 0.867374 0.885942 0.883289 0.893899 0.872679 0.859416 0.893899 0.880637 0.883289 0.893899 0.893899 0.872679 0.862069 0.877984 0.885942 0.885942 0.870027 0.896552 0.875332 0.885942 0.885942 0.880637 0.872679 0.883289 0.880637 0.896552 0.885942 0.875332 0.893899 0.896552 0.000000 0.883289 0.878963 0.875332 0.877984 0.883289 0.885942 0.870027 0.885942 0.883289 0.877984 0.885942 0.896552 0.877984 0.878963
XP_045284227.1 0.888889 0.881481 0.377500 0.901235 0.896296 0.886420 0.896552 0.000000 0.888889 0.883951 0.886420 0.891358 0.900744 0.900744 0.900744 0.891358 0.888889 0.886420 0.893827 0.879012 0.891358 0.900744 0.894886 0.881481 0.886420 0.886420 0.886420 0.883951 0.888889 0.883951 0.891358 0.887728 0.893827 0.901235 0.901235 0.896552 0.896552 0.000000 0.004938 0.901235 0.000000 0.896552 0.901235 0.891247 0.903704 0.012346 0.901235 0.893899 0.004938 0.883951 0.886420 0.888889 0.153465 0.153465 0.375000 0.894886 0.382500 0.889655 0.889655 0.382500 0.898765 0.883951 0.888889 0.883951 0.908642 0.898765 0.893827 0.901235 0.886420 0.888889 0.886420 0.883951 0.881481 0.898765 0.883951 0.876543 0.883951 0.888889 0.356589 0.385000 0.893827 0.384021 0.893827 0.908416 0.888889 0.898765 0.883951 0.883951 0.897436 0.879012 0.891358 0.886420 0.896296 0.874074 0.881481 0.378238 0.888889 0.898765 0.901235 0.903704 0.898765 0.898765 0.906173 0.888889 0.365000 0.883951 0.883951 0.345745 0.896296 0.896296 0.883951 0.382500 0.888889 0.385000 0.886420 0.891358 0.883951 0.382500 0.881481 0.881481 0.891358 0.382500 0.883951 0.896296 0.888889 0.886420 0.385000 0.886420 0.896296 0.345745 0.883951 0.382500 0.883951 0.891358 0.385000 0.356589 0.888889 0.886420 0.886420 0.346457 0.265152 0.272727 0.242424 0.265152 0.308333 0.320611 0.272727 0.265152 0.297297 0.267176 0.295455 0.327869 0.330827 0.295455 0.287879 0.242424 0.234848 0.891358 0.888889 0.891358 0.886420 0.891358 0.893827 0.893827 0.384021 0.886420 0.881481 0.881481 0.886420 0.891358 0.888889 0.888889 0.883951 0.861905 0.382500 0.867257 0.891358 0.406948 0.896296 0.886420 0.881481 0.888889 0.888889 0.883951 0.883951 0.891358 0.886420 0.883951 0.888889 0.375000 0.900744 0.891358 0.886420 0.896296 0.901235 0.891358 0.900744 0.900744 0.888889 0.893827 0.883951 0.409877 0.896296 0.891358 0.382500 0.893827 0.898765 0.898765 0.888889 0.382500 0.883951 0.888889 0.901235 0.893827 0.893827 0.888889 0.000000 0.896552 0.883951 0.383285 0.901235 0.896296 0.898765 0.896296 0.893827 0.888889 0.883951 0.883951 0.893827 0.901235 0.886420 0.383285
XP_045292138.1 0.895692 0.895692 0.892500 0.895981 0.873239 0.897959 0.893899 0.888889 0.000000 0.895692 0.897959 0.897959 0.843672 0.843672 0.843672 0.903890 0.897025 0.897959 0.890698 0.904762 0.893424 0.841191 0.849432 0.893424 0.902494 0.900227 0.900227 0.893424 0.873016 0.907029 0.886621 0.892950 0.886621 0.891156 0.009070 0.888594 0.893899 0.891358 0.893827 0.011338 0.891358 0.893899 0.009070 0.891247 0.054422 0.891358 0.013605 0.891247 0.893827 0.891156 0.891156 0.904306 0.883663 0.883663 0.902500 0.849432 0.895000 0.886207 0.886207 0.895000 0.900227 0.893424 0.888889 0.827664 0.219955 0.839450 0.227488 0.306122 0.870748 0.886621 0.884354 0.893424 0.888889 0.900227 0.884354 0.897494 0.888889 0.882086 0.899225 0.887500 0.897959 0.891753 0.865297 0.858911 0.888889 0.891156 0.882086 0.882086 0.892308 0.899061 0.889671 0.884354 0.902613 0.897959 0.891156 0.901554 0.895692 0.857143 0.557823 0.847059 0.541950 0.863946 0.856098 0.893424 0.895000 0.891156 0.891156 0.888298 0.893424 0.888889 0.891156 0.897500 0.895692 0.887500 0.886621 0.888889 0.891156 0.897500 0.891156 0.891156 0.891156 0.897500 0.891156 0.888889 0.895692 0.886621 0.887500 0.882086 0.893424 0.888298 0.891156 0.897500 0.891156 0.888889 0.887500 0.899225 0.882086 0.902613 0.898148 0.866142 0.871212 0.878788 0.863636 0.871212 0.858333 0.870229 0.871212 0.856061 0.855856 0.862595 0.840909 0.868852 0.872180 0.886364 0.871212 0.863636 0.856061 0.893424 0.843537 0.256881 0.900227 0.893424 0.907029 0.897959 0.891753 0.907029 0.888889 0.897959 0.902494 0.895692 0.893424 0.902494 0.897959 0.880952 0.885000 0.867257 0.888889 0.885856 0.911565 0.895692 0.897959 0.895692 0.902494 0.897959 0.888889 0.900227 0.895692 0.893424 0.888889 0.902500 0.841191 0.884354 0.902494 0.873016 0.827664 0.216895 0.843672 0.843672 0.895692 0.886621 0.893424 0.900238 0.886621 0.888889 0.885000 0.843537 0.907621 0.907621 0.888889 0.905000 0.895692 0.841270 0.901679 0.900227 0.843537 0.000000 0.891358 0.893899 0.879819 0.884726 0.891156 0.904762 0.891156 0.886621 0.886621 0.893424 0.879819 0.902494 0.900227 0.901679 0.886621 0.884726
XP_016591959.1 0.788423 0.672655 0.885000 0.652482 0.896714 0.877462 0.883289 0.883951 0.895692 0.000000 0.877462 0.892544 0.895782 0.895782 0.895782 0.613272 0.613272 0.881579 0.702326 0.881319 0.888158 0.893300 0.892045 0.889610 0.883516 0.598802 0.598802 0.886994 0.572016 0.660417 0.584016 0.749347 0.721545 0.068750 0.896476 0.880637 0.883289 0.883951 0.883951 0.896476 0.883951 0.883289 0.896476 0.883289 0.886214 0.886420 0.894273 0.883289 0.883951 0.880240 0.592593 0.889952 0.893564 0.893564 0.900000 0.892045 0.892500 0.489655 0.489655 0.892500 0.886228 0.870259 0.670168 0.891156 0.896018 0.894495 0.864929 0.896694 0.889610 0.882000 0.898204 0.870259 0.888000 0.886228 0.890909 0.881549 0.870488 0.626747 0.891473 0.892500 0.609218 0.889175 0.883562 0.903465 0.880952 0.634744 0.702595 0.702595 0.592308 0.892019 0.884977 0.876310 0.885986 0.880000 0.592593 0.886010 0.887064 0.897275 0.892216 0.896471 0.874251 0.892857 0.895122 0.891393 0.887500 0.880240 0.880240 0.888298 0.664671 0.626747 0.874251 0.892500 0.584521 0.895000 0.638723 0.628743 0.876248 0.892500 0.592593 0.592593 0.590535 0.892500 0.874251 0.626747 0.584521 0.638723 0.895000 0.886228 0.664671 0.888298 0.880240 0.892500 0.876248 0.628743 0.892500 0.891473 0.626747 0.890736 0.893519 0.858268 0.848485 0.848485 0.848485 0.840909 0.841667 0.870229 0.871212 0.856061 0.864865 0.870229 0.871212 0.836066 0.834586 0.848485 0.848485 0.863636 0.840909 0.891403 0.886918 0.892202 0.886463 0.891403 0.571130 0.609218 0.889175 0.609603 0.602794 0.609053 0.885593 0.883772 0.662602 0.898204 0.896104 0.861905 0.895000 0.805310 0.636727 0.893300 0.586517 0.893939 0.609053 0.889597 0.898204 0.896104 0.870488 0.889780 0.892216 0.892216 0.880952 0.900000 0.893300 0.883621 0.885593 0.892116 0.886621 0.885845 0.895782 0.895782 0.889597 0.721545 0.886994 0.893112 0.580579 0.636727 0.895000 0.882863 0.639723 0.639723 0.670168 0.887500 0.000000 0.882236 0.678657 0.648536 0.882863 0.895692 0.883951 0.883289 0.578512 0.881844 0.068750 0.583851 0.587629 0.580579 0.587992 0.654691 0.578512 0.886228 0.648536 0.678657 0.664671 0.881844
KAI1463817.1   0.886214 0.879650 0.872500 0.874704 0.884977 0.000000 0.867374 0.886420 0.897959 0.877462 0.000000 0.125000 0.888337 0.888337 0.888337 0.881007 0.883295 0.140351 0.893023 0.129670 0.125000 0.875931 0.894886 0.306346 0.325275 0.888403 0.888403 0.345733 0.866521 0.884026 0.888403 0.895561 0.873085 0.890591 0.898678 0.870027 0.875332 0.886420 0.886420 0.905286 0.886420 0.875332 0.898678 0.872679 0.897155 0.881481 0.898678 0.872679 0.886420 0.387309 0.890591 0.428230 0.878713 0.878713 0.882500 0.894886 0.880000 0.886207 0.886207 0.880000 0.391685 0.398249 0.881838 0.897959 0.900442 0.887615 0.890995 0.897155 0.894967 0.415755 0.411379 0.398249 0.413567 0.391685 0.409190 0.421412 0.518600 0.894967 0.888889 0.882500 0.894967 0.891753 0.892694 0.893564 0.514223 0.895323 0.892779 0.892779 0.889744 0.424883 0.450704 0.422319 0.427553 0.483589 0.890591 0.891192 0.380744 0.905908 0.873085 0.896471 0.888403 0.899344 0.895122 0.380744 0.890000 0.387309 0.387309 0.882979 0.888403 0.881838 0.389497 0.882500 0.894967 0.882500 0.881838 0.894967 0.389497 0.885000 0.890591 0.890591 0.892779 0.882500 0.389497 0.881838 0.894967 0.881838 0.882500 0.391685 0.888403 0.882979 0.387309 0.885000 0.389497 0.894967 0.882500 0.888889 0.894967 0.439430 0.402778 0.866142 0.856061 0.856061 0.856061 0.856061 0.850000 0.847328 0.856061 0.878788 0.828829 0.862595 0.863636 0.827869 0.849624 0.871212 0.856061 0.848485 0.848485 0.328054 0.900222 0.894495 0.308534 0.328054 0.892779 0.894967 0.891753 0.894967 0.886214 0.886214 0.505470 0.122807 0.897155 0.509847 0.520788 0.876190 0.885000 0.876106 0.888403 0.883375 0.901124 0.308534 0.886214 0.411379 0.509847 0.520788 0.518600 0.391685 0.385120 0.435449 0.514223 0.882500 0.875931 0.525164 0.505470 0.888403 0.893424 0.892694 0.890819 0.888337 0.411379 0.873085 0.345733 0.878860 0.888403 0.888403 0.885000 0.897155 0.893764 0.893764 0.881838 0.882500 0.877462 0.897155 0.889688 0.894967 0.897155 0.897959 0.886420 0.875332 0.892779 0.887608 0.890591 0.881838 0.890591 0.888403 0.870897 0.870897 0.892779 0.890591 0.894967 0.889688 0.890591 0.887608
KAI1413906.1   0.883772 0.885965 0.892500 0.877069 0.877934 0.125000 0.875332 0.891358 0.897959 0.892544 0.125000 0.000000 0.885856 0.885856 0.885856 0.883295 0.887872 0.050439 0.893023 0.046154 0.026316 0.883375 0.892045 0.278509 0.285714 0.892544 0.892544 0.344298 0.875000 0.885965 0.888158 0.879896 0.877193 0.885965 0.900881 0.875332 0.875332 0.891358 0.886420 0.903084 0.891358 0.875332 0.900881 0.872679 0.896930 0.886420 0.903084 0.875332 0.886420 0.350877 0.888158 0.409091 0.878713 0.878713 0.887500 0.892045 0.900000 0.889655 0.889655 0.900000 0.381579 0.383772 0.888158 0.891156 0.900442 0.885321 0.888626 0.892544 0.901316 0.410088 0.407895 0.383772 0.394737 0.381579 0.410088 0.414579 0.497807 0.890351 0.886305 0.897500 0.894737 0.891753 0.892694 0.900990 0.508772 0.897550 0.879386 0.879386 0.892308 0.399061 0.438967 0.414474 0.413302 0.473684 0.885965 0.896373 0.353070 0.899123 0.879386 0.901176 0.881579 0.892544 0.887805 0.368421 0.892500 0.350877 0.350877 0.904255 0.892544 0.885965 0.359649 0.897500 0.888158 0.897500 0.894737 0.890351 0.359649 0.900000 0.885965 0.885965 0.888158 0.897500 0.359649 0.885965 0.888158 0.894737 0.897500 0.359649 0.892544 0.904255 0.350877 0.900000 0.359649 0.890351 0.897500 0.886305 0.890351 0.427553 0.405093 0.850394 0.863636 0.840909 0.856061 0.856061 0.825000 0.862595 0.856061 0.863636 0.864865 0.862595 0.856061 0.836066 0.864662 0.856061 0.856061 0.856061 0.848485 0.289593 0.898004 0.887615 0.276316 0.289593 0.890351 0.894737 0.891753 0.896930 0.890351 0.888158 0.515351 0.032895 0.896930 0.526316 0.521930 0.876190 0.900000 0.849558 0.894737 0.893300 0.894382 0.280702 0.888158 0.390351 0.526316 0.521930 0.497807 0.381579 0.381579 0.432018 0.508772 0.887500 0.883375 0.510965 0.515351 0.896930 0.888889 0.894977 0.890819 0.885856 0.390351 0.877193 0.344298 0.883610 0.899123 0.894737 0.900000 0.896930 0.905312 0.905312 0.888158 0.882500 0.892544 0.888158 0.892086 0.892544 0.896930 0.897959 0.891358 0.875332 0.888158 0.887608 0.885965 0.881579 0.879386 0.899123 0.870614 0.883772 0.888158 0.888158 0.892544 0.892086 0.885965 0.887608
GKT58838.1     0.888337 0.895782 0.902500 0.895782 0.057072 0.888337 0.893899 0.900744 0.843672 0.895782 0.888337 0.885856 0.000000 0.000000 0.000000 0.893300 0.895782 0.883375 0.888337 0.878412 0.868486 0.049628 0.071023 0.885856 0.870968 0.878412 0.878412 0.885856 0.895782 0.888337 0.890819 0.903394 0.883375 0.888337 0.803970 0.896552 0.893899 0.900744 0.900744 0.803970 0.900744 0.893899 0.803970 0.893899 0.861042 0.903226 0.803970 0.893899 0.900744 0.875931 0.883375 0.893300 0.898263 0.898263 0.890000 0.071023 0.902500 0.882759 0.882759 0.902500 0.875931 0.893300 0.888337 0.404467 0.801489 0.377171 0.816377 0.808933 0.228288 0.883375 0.890819 0.893300 0.885856 0.875931 0.885856 0.893300 0.878412 0.893300 0.899225 0.900000 0.888337 0.896907 0.111663 0.838710 0.893300 0.908189 0.883375 0.883375 0.907692 0.895782 0.895782 0.900744 0.888337 0.883375 0.885856 0.888601 0.893300 0.672457 0.831266 0.799007 0.796526 0.660050 0.841191 0.885856 0.877500 0.875931 0.875931 0.901596 0.900744 0.895782 0.883375 0.902500 0.895782 0.902500 0.885856 0.888337 0.880893 0.902500 0.885856 0.885856 0.885856 0.902500 0.883375 0.895782 0.895782 0.885856 0.902500 0.885856 0.900744 0.901596 0.875931 0.902500 0.880893 0.888337 0.900000 0.899225 0.893300 0.890819 0.895782 0.834646 0.856061 0.856061 0.863636 0.848485 0.866667 0.870229 0.871212 0.878788 0.846847 0.877863 0.863636 0.868852 0.879699 0.856061 0.848485 0.863636 0.856061 0.885856 0.260546 0.838710 0.885856 0.885856 0.895782 0.888337 0.896907 0.905707 0.888337 0.890819 0.885856 0.870968 0.903226 0.905707 0.895782 0.876190 0.902500 0.867257 0.888337 0.903226 0.895782 0.885856 0.890819 0.885856 0.905707 0.895782 0.878412 0.885856 0.895782 0.885856 0.893300 0.890000 0.049628 0.883375 0.885856 0.339950 0.392060 0.801489 0.002481 0.000000 0.885856 0.883375 0.885856 0.900744 0.898263 0.888337 0.902500 0.352357 0.900744 0.900744 0.888337 0.897500 0.895782 0.359801 0.898263 0.905707 0.352357 0.843672 0.900744 0.893899 0.883375 0.881844 0.888337 0.885856 0.890819 0.898263 0.883375 0.883375 0.883375 0.885856 0.905707 0.898263 0.895782 0.881844
GKT77739.1     0.888337 0.895782 0.902500 0.895782 0.057072 0.888337 0.893899 0.900744 0.843672 0.895782 0.888337 0.885856 0.000000 0.000000 0.000000 0.893300 0.895782 0.883375 0.888337 0.878412 0.868486 0.049628 0.071023 0.885856 0.870968 0.878412 0.878412 0.885856 0.895782 0.888337 0.890819 0.903394 0.883375 0.888337 0.803970 0.896552 0.893899 0.900744 0.900744 0.803970 0.900744 0.893899 0.803970 0.893899 0.861042 0.903226 0.803970 0.893899 0.900744 0.875931 0.883375 0.893300 0.898263 0.898263 0.890000 0.071023 0.902500 0.882759 0.882759 0.902500 0.875931 0.893300 0.888337 0.404467 0.801489 0.377171 0.816377 0.808933 0.228288 0.883375 0.890819 0.893300 0.885856 0.875931 0.885856 0.893300 0.878412 0.893300 0.899225 0.900000 0.888337 0.896907 0.111663 0.838710 0.893300 0.908189 0.883375 0.883375 0.907692 0.895782 0.895782 0.900744 0.888337 0.883375 0.885856 0.888601 0.893300 0.672457 0.831266 0.799007 0.796526 0.660050 0.841191 0.885856 0.877500 0.875931 0.875931 0.901596 0.900744 0.895782 0.883375 0.902500 0.895782 0.902500 0.885856 0.888337 0.880893 0.902500 0.885856 0.885856 0.885856 0.902500 0.883375 0.895782 0.895782 0.885856 0.902500 0.885856 0.900744 0.901596 0.875931 0.902500 0.880893 0.888337 0.900000 0.899225 0.893300 0.890819 0.895782 0.834646 0.856061 0.856061 0.863636 0.848485 0.866667 0.870229 0.871212 0.878788 0.846847 0.877863 0.863636 0.868852 0.879699 0.856061 0.848485 0.863636 0.856061 0.885856 0.260546 0.838710 0.885856 0.885856 0.895782 0.888337 0.896907 0.905707 0.888337 0.890819 0.885856 0.870968 0.903226 0.905707 0.895782 0.876190 0.902500 0.867257 0.888337 0.903226 0.895782 0.885856 0.890819 0.885856 0.905707 0.895782 0.878412 0.885856 0.895782 0.885856 0.893300 0.890000 0.049628 0.883375 0.885856 0.339950 0.392060 0.801489 0.002481 0.000000 0.885856 0.883375 0.885856 0.900744 0.898263 0.888337 0.902500 0.352357 0.900744 0.900744 0.888337 0.897500 0.895782 0.359801 0.898263 0.905707 0.352357 0.843672 0.900744 0.893899 0.883375 0.881844 0.888337 0.885856 0.890819 0.898263 0.883375 0.883375 0.883375 0.885856 0.905707 0.898263 0.895782 0.881844
GKT84967.1     0.888337 0.895782 0.902500 0.895782 0.057072 0.888337 0.893899 0.900744 0.843672 0.895782 0.888337 0.885856 0.000000 0.000000 0.000000 0.893300 0.895782 0.883375 0.888337 0.878412 0.868486 0.049628 0.071023 0.885856 0.870968 0.878412 0.878412 0.885856 0.895782 0.888337 0.890819 0.903394 0.883375 0.888337 0.803970 0.896552 0.893899 0.900744 0.900744 0.803970 0.900744 0.893899 0.803970 0.893899 0.861042 0.903226 0.803970 0.893899 0.900744 0.875931 0.883375 0.893300 0.898263 0.898263 0.890000 0.071023 0.902500 0.882759 0.882759 0.902500 0.875931 0.893300 0.888337 0.404467 0.801489 0.377171 0.816377 0.808933 0.228288 0.883375 0.890819 0.893300 0.885856 0.875931 0.885856 0.893300 0.878412 0.893300 0.899225 0.900000 0.888337 0.896907 0.111663 0.838710 0.893300 0.908189 0.883375 0.883375 0.907692 0.895782 0.895782 0.900744 0.888337 0.883375 0.885856 0.888601 0.893300 0.672457 0.831266 0.799007 0.796526 0.660050 0.841191 0.885856 0.877500 0.875931 0.875931 0.901596 0.900744 0.895782 0.883375 0.902500 0.895782 0.902500 0.885856 0.888337 0.880893 0.902500 0.885856 0.885856 0.885856 0.902500 0.883375 0.895782 0.895782 0.885856 0.902500 0.885856 0.900744 0.901596 0.875931 0.902500 0.880893 0.888337 0.900000 0.899225 0.893300 0.890819 0.895782 0.834646 0.856061 0.856061 0.863636 0.848485 0.866667 0.870229 0.871212 0.878788 0.846847 0.877863 0.863636 0.868852 0.879699 0.856061 0.848485 0.863636 0.856061 0.885856 0.260546 0.838710 0.885856 0.885856 0.895782 0.888337 0.896907 0.905707 0.888337 0.890819 0.885856 0.870968 0.903226 0.905707 0.895782 0.876190 0.902500 0.867257 0.888337 0.903226 0.895782 0.885856 0.890819 0.885856 0.905707 0.895782 0.878412 0.885856 0.895782 0.885856 0.893300 0.890000 0.049628 0.883375 0.885856 0.339950 0.392060 0.801489 0.002481 0.000000 0.885856 0.883375 0.885856 0.900744 0.898263 0.888337 0.902500 0.352357 0.900744 0.900744 0.888337 0.897500 0.895782 0.359801 0.898263 0.905707 0.352357 0.843672 0.900744 0.893899 0.883375 0.881844 0.888337 0.885856 0.890819 0.898263 0.883375 0.883375 0.883375 0.885856 0.905707 0.898263 0.895782 0.881844
KAI1184013.1   0.773455 0.551487 0.890000 0.614657 0.906103 0.881007 0.899204 0.891358 0.903890 0.613272 0.881007 0.883295 0.893300 0.893300 0.893300 0.000000 0.196796 0.883295 0.497674 0.883295 0.878719 0.898263 0.892045 0.883295 0.892449 0.517162 0.517162 0.892449 0.560641 0.540046 0.558352 0.702350 0.716247 0.610984 0.899314 0.901857 0.899204 0.891358 0.886420 0.901602 0.891358 0.899204 0.899314 0.899204 0.906178 0.891358 0.899314 0.899204 0.886420 0.887872 0.508009 0.882775 0.886139 0.886139 0.887500 0.892045 0.892500 0.503448 0.503448 0.892500 0.899314 0.881007 0.528604 0.899314 0.892449 0.903670 0.900474 0.894737 0.899314 0.887872 0.883295 0.881007 0.887872 0.899314 0.887872 0.897025 0.901602 0.542334 0.891473 0.897500 0.489703 0.894330 0.885584 0.900990 0.881007 0.485126 0.697941 0.697941 0.458974 0.894366 0.903756 0.890160 0.897862 0.887872 0.508009 0.898964 0.903890 0.908467 0.897025 0.896471 0.892449 0.897025 0.895122 0.894737 0.892500 0.887872 0.887872 0.896277 0.537757 0.542334 0.881007 0.892500 0.560641 0.897500 0.544622 0.544622 0.885584 0.892500 0.508009 0.508009 0.510297 0.892500 0.881007 0.542334 0.560641 0.544622 0.897500 0.899314 0.537757 0.896277 0.887872 0.892500 0.885584 0.544622 0.897500 0.891473 0.542334 0.904988 0.893519 0.866142 0.863636 0.863636 0.863636 0.856061 0.858333 0.862595 0.863636 0.863636 0.855856 0.862595 0.856061 0.860656 0.857143 0.863636 0.863636 0.848485 0.863636 0.897025 0.901602 0.899083 0.890160 0.897025 0.473684 0.489703 0.894330 0.489703 0.512586 0.517162 0.897025 0.878719 0.517162 0.892449 0.897025 0.871429 0.897500 0.858407 0.544622 0.903226 0.592677 0.885584 0.517162 0.883295 0.892449 0.897025 0.901602 0.862700 0.883295 0.883295 0.881007 0.887500 0.898263 0.894737 0.897025 0.883295 0.903890 0.892449 0.893300 0.893300 0.883295 0.716247 0.892449 0.883610 0.542334 0.544622 0.897500 0.906178 0.547344 0.547344 0.528604 0.885000 0.613272 0.897025 0.657074 0.475973 0.906178 0.903890 0.891358 0.899204 0.544622 0.884726 0.610984 0.549199 0.540046 0.542334 0.542334 0.629291 0.544622 0.887872 0.475973 0.657074 0.551487 0.884726
KAI1158864.1   0.764302 0.551487 0.882500 0.605201 0.894366 0.883295 0.901857 0.888889 0.897025 0.613272 0.883295 0.887872 0.895782 0.895782 0.895782 0.196796 0.000000 0.887872 0.502326 0.890160 0.887872 0.893300 0.894886 0.887872 0.885584 0.510297 0.510297 0.881007 0.544622 0.544622 0.542334 0.699739 0.711670 0.615561 0.897025 0.899204 0.901857 0.888889 0.888889 0.897025 0.888889 0.901857 0.897025 0.899204 0.899314 0.883951 0.897025 0.901857 0.888889 0.885584 0.501144 0.894737 0.893564 0.893564 0.872500 0.894886 0.880000 0.493103 0.493103 0.880000 0.883295 0.885584 0.510297 0.903890 0.899314 0.901376 0.898104 0.899314 0.897025 0.890160 0.883295 0.885584 0.885584 0.883295 0.892449 0.901602 0.892449 0.533181 0.883721 0.882500 0.487414 0.878866 0.887872 0.893564 0.885584 0.469108 0.704805 0.704805 0.441026 0.906103 0.899061 0.881007 0.895487 0.887872 0.496568 0.880829 0.890160 0.910755 0.903890 0.894118 0.897025 0.894737 0.895122 0.894737 0.892500 0.885584 0.885584 0.877660 0.528604 0.533181 0.894737 0.880000 0.556064 0.880000 0.537757 0.530892 0.892449 0.880000 0.496568 0.496568 0.503432 0.880000 0.894737 0.533181 0.556064 0.537757 0.880000 0.892449 0.528604 0.877660 0.885584 0.880000 0.892449 0.530892 0.882500 0.883721 0.533181 0.893112 0.900463 0.881890 0.871212 0.878788 0.871212 0.863636 0.866667 0.885496 0.878788 0.893939 0.864865 0.885496 0.856061 0.860656 0.864662 0.871212 0.886364 0.863636 0.871212 0.897025 0.906178 0.903670 0.890160 0.897025 0.469108 0.487414 0.878866 0.478261 0.496568 0.508009 0.881007 0.885584 0.494279 0.883295 0.890160 0.890476 0.880000 0.858407 0.528604 0.903226 0.599542 0.890160 0.508009 0.892449 0.883295 0.890160 0.892449 0.881007 0.876430 0.878719 0.885584 0.872500 0.893300 0.901602 0.881007 0.885584 0.901602 0.897025 0.895782 0.895782 0.892449 0.711670 0.881007 0.888361 0.546911 0.528604 0.880000 0.897025 0.524249 0.524249 0.510297 0.872500 0.613272 0.901602 0.673861 0.459954 0.897025 0.897025 0.888889 0.901857 0.549199 0.878963 0.615561 0.549199 0.540046 0.546911 0.546911 0.617849 0.549199 0.890160 0.459954 0.673861 0.544622 0.878963
KAI1134745.1   0.890351 0.888158 0.882500 0.879433 0.887324 0.140351 0.885942 0.886420 0.897959 0.881579 0.140351 0.050439 0.883375 0.883375 0.883375 0.883295 0.887872 0.000000 0.900000 0.037363 0.041667 0.883375 0.877841 0.278509 0.287912 0.879386 0.879386 0.346491 0.868421 0.883772 0.888158 0.903394 0.868421 0.888158 0.900881 0.888594 0.888594 0.886420 0.886420 0.903084 0.886420 0.888594 0.900881 0.883289 0.894737 0.886420 0.900881 0.888594 0.886420 0.357456 0.885965 0.401914 0.878713 0.878713 0.890000 0.877841 0.897500 0.893103 0.893103 0.897500 0.379386 0.383772 0.885965 0.897959 0.893805 0.883028 0.886256 0.885965 0.905702 0.405702 0.396930 0.383772 0.392544 0.379386 0.410088 0.416856 0.502193 0.896930 0.896641 0.895000 0.894737 0.889175 0.897260 0.893564 0.510965 0.890869 0.888158 0.888158 0.892308 0.389671 0.431925 0.405702 0.408551 0.473684 0.894737 0.888601 0.355263 0.892544 0.890351 0.898824 0.875000 0.894737 0.887805 0.361842 0.890000 0.357456 0.357456 0.890957 0.899123 0.888158 0.366228 0.897500 0.892544 0.897500 0.888158 0.894737 0.366228 0.897500 0.894737 0.894737 0.901316 0.897500 0.366228 0.888158 0.892544 0.888158 0.897500 0.364035 0.899123 0.890957 0.357456 0.897500 0.366228 0.894737 0.895000 0.896641 0.896930 0.427553 0.395833 0.850394 0.863636 0.856061 0.856061 0.856061 0.858333 0.877863 0.856061 0.878788 0.846847 0.870229 0.856061 0.836066 0.864662 0.863636 0.871212 0.856061 0.848485 0.298643 0.902439 0.887615 0.280702 0.298643 0.892544 0.894737 0.889175 0.896930 0.883772 0.890351 0.508772 0.041667 0.883772 0.532895 0.519737 0.880952 0.890000 0.849558 0.894737 0.890819 0.896629 0.276316 0.890351 0.390351 0.532895 0.519737 0.502193 0.370614 0.377193 0.381579 0.510965 0.890000 0.883375 0.528509 0.508772 0.899123 0.893424 0.890411 0.883375 0.883375 0.390351 0.868421 0.346491 0.881235 0.883772 0.894737 0.890000 0.899123 0.898383 0.898383 0.885965 0.890000 0.881579 0.892544 0.894484 0.888158 0.899123 0.895692 0.886420 0.888594 0.883772 0.881844 0.888158 0.888158 0.888158 0.883772 0.879386 0.890351 0.883772 0.892544 0.888158 0.894484 0.890351 0.881844
KAI1122453.1   0.788372 0.597674 0.895000 0.647754 0.889671 0.893023 0.891247 0.893827 0.890698 0.702326 0.893023 0.893023 0.888337 0.888337 0.888337 0.497674 0.502326 0.900000 0.000000 0.895349 0.890698 0.898263 0.897727 0.893023 0.876744 0.569767 0.569767 0.881395 0.588372 0.609302 0.595349 0.694517 0.758140 0.695349 0.890698 0.893899 0.891247 0.893827 0.893827 0.890698 0.893827 0.891247 0.890698 0.888594 0.897674 0.893827 0.888372 0.891247 0.893827 0.881395 0.553488 0.894737 0.905941 0.905941 0.875000 0.897727 0.885000 0.551724 0.551724 0.885000 0.872093 0.886047 0.569767 0.904651 0.893023 0.900000 0.900474 0.886047 0.895349 0.881395 0.865116 0.886047 0.883721 0.872093 0.881395 0.883721 0.902326 0.602326 0.891473 0.885000 0.562791 0.884021 0.897674 0.903465 0.888372 0.532558 0.765116 0.765116 0.517949 0.899061 0.901408 0.879070 0.893112 0.886047 0.555814 0.888601 0.888372 0.904651 0.888372 0.901176 0.890698 0.904651 0.904878 0.881395 0.885000 0.881395 0.881395 0.885638 0.604651 0.606977 0.879070 0.887500 0.600000 0.882500 0.597674 0.597674 0.883721 0.890000 0.555814 0.555814 0.558140 0.887500 0.879070 0.606977 0.600000 0.597674 0.882500 0.883721 0.604651 0.885638 0.881395 0.890000 0.883721 0.597674 0.885000 0.891473 0.602326 0.893112 0.890698 0.874016 0.871212 0.878788 0.878788 0.878788 0.858333 0.862595 0.871212 0.871212 0.855856 0.862595 0.871212 0.860656 0.872180 0.871212 0.893939 0.863636 0.863636 0.890698 0.902326 0.888372 0.893023 0.890698 0.525581 0.562791 0.884021 0.534884 0.555814 0.567442 0.890698 0.893023 0.583721 0.893023 0.895349 0.866667 0.880000 0.867257 0.595349 0.898263 0.646512 0.888372 0.567442 0.867442 0.893023 0.895349 0.902326 0.883721 0.881395 0.883721 0.888372 0.875000 0.898263 0.876744 0.890698 0.886047 0.900000 0.895349 0.895782 0.888337 0.867442 0.758140 0.881395 0.883610 0.574419 0.595349 0.880000 0.890698 0.593023 0.593023 0.569767 0.880000 0.702326 0.888372 0.702638 0.532558 0.890698 0.890698 0.893827 0.891247 0.583721 0.881844 0.695349 0.581395 0.572093 0.574419 0.562791 0.620930 0.583721 0.902326 0.532558 0.702638 0.604651 0.881844
